-1.388500000000000068e+00 1.250259999999999927e+01 6.911800000000000166e-01 -7.548700000000000188e+00
-2.483999999999999986e+00 1.216109999999999935e+01 2.820399999999999796e+00 -3.741800000000000015e+00
2.172099999999999920e+00 -7.387399999999999523e-01 5.467200000000000060e+00 -7.237099999999999644e-01
3.424599999999999866e+00 -1.469300000000000050e-01 8.034200000000000230e-01 2.913600000000000079e-01
5.740300000000000402e+00 -4.428400000000000114e-01 3.801499999999999879e-01 1.376300000000000079e+00
4.160499999999999865e+00 1.121959999999999980e+01 -3.613599999999999923e+00 -4.081900000000000084e+00
5.285499999999999643e-01 9.642699999999999605e-01 4.024300000000000210e+00 -1.048300000000000010e+00
1.947599999999999998e+00 -4.773799999999999599e+00 8.526999999999999247e+00 -1.866800000000000015e+00
2.954299999999999926e+00 1.076000000000000068e+00 6.457699999999999552e-01 8.939399999999999569e-01
2.765899999999999803e+00 6.621599999999999708e-01 4.149399999999999977e+00 -2.840599999999999792e-01
-1.966699999999999893e+00 1.180519999999999925e+01 -4.047200000000000242e-01 -7.871900000000000119e+00
2.522699999999999942e+00 2.236899999999999888e+00 2.723599999999999799e+00 7.943799999999999750e-01
-1.314400000000000013e-01 -1.777500000000000080e+00 8.331599999999999895e+00 3.521400000000000086e-01
-1.610299999999999926e-02 9.748400000000000176e+00 1.539399999999999935e-01 -1.613399999999999945e+00
4.216400000000000148e+00 9.460699999999999221e+00 -4.928799999999999848e+00 -5.236600000000000144e+00
-7.828899999999999748e-01 1.136030000000000051e+01 -3.764399999999999968e-01 -7.049500000000000099e+00
-4.800800000000000206e-02 -1.603699999999999903e+00 8.475600000000000023e+00 7.555800000000000294e-01
-2.166099999999999970e-01 8.032899999999999707e+00 1.884800000000000031e+00 -3.885299999999999976e+00
-3.603799999999999781e-01 4.115800000000000125e+00 3.114300000000000068e+00 -3.719899999999999873e-01
3.757000000000000117e+00 -5.423600000000000421e+00 3.825499999999999901e+00 -1.252599999999999936e+00
-2.481099999999999972e-01 -1.779699999999999893e-01 4.906799999999999606e+00 1.542900000000000105e-01
5.029700000000000060e+00 -4.970399999999999707e+00 3.502499999999999947e+00 -2.375099999999999989e-01
6.091899999999999871e+00 2.967299999999999827e+00 -1.326699999999999990e+00 1.455100000000000060e+00
2.610399999999999832e+00 8.008100000000000662e+00 -2.359199999999999908e-01 -1.760799999999999921e+00
-3.821399999999999797e-01 8.390900000000000247e+00 2.162399999999999878e+00 -3.740499999999999936e+00
5.121299999999999741e+00 8.556499999999999773e+00 -3.391700000000000159e+00 -1.547400000000000109e+00
3.966000000000000192e+00 3.921300000000000008e+00 7.057400000000000340e-01 3.366199999999999748e-01
2.313600000000000101e+00 1.066510000000000069e+01 -3.528799999999999937e+00 -4.767199999999999882e+00
-4.285899999999999821e+00 8.523400000000000531e+00 3.139200000000000212e+00 -9.163900000000000379e-01
5.695299999999999807e-01 7.629400000000000404e+00 1.575399999999999912e+00 -3.223300000000000054e+00
2.131899999999999906e+00 -2.040299999999999780e+00 2.557399999999999896e+00 -6.165199999999999847e-02
-4.506200000000000205e-01 -1.367799999999999905e+00 7.085799999999999876e+00 -4.030299999999999994e-01
1.725700000000000012e+00 -4.469699999999999562e+00 8.221899999999999764e+00 -1.807299999999999907e+00
-2.698900000000000077e+00 1.219839999999999947e+01 6.766100000000000447e-01 -8.548199999999999577e+00
2.887999999999999901e+00 4.469600000000000239e-01 4.590700000000000003e+00 -2.439800000000000024e-01
2.555899999999999839e+00 3.360500000000000043e+00 2.032099999999999795e+00 2.680899999999999950e-01
6.824799999999999756e+00 5.218700000000000117e+00 -2.542499999999999982e+00 5.461000000000000298e-01
9.473200000000000509e-01 -5.711300000000000265e-01 7.190299999999999692e+00 -6.758699999999999708e-01
2.161599999999999966e+00 -6.880399999999999849e+00 8.151699999999999946e+00 -8.104799999999999505e-02
1.028399999999999981e+00 9.766999999999999460e+00 -1.368700000000000028e+00 -1.785300000000000109e+00
2.396900000000000031e+00 2.358899999999999886e-01 4.847699999999999676e+00 1.437000000000000055e+00
3.245000000000000107e+00 6.629999999999999893e+00 -6.343499999999999694e-01 8.693699999999999761e-01
3.798000000000000265e-01 7.097999999999999865e-01 7.571999999999999842e-01 -4.444000000000000172e-01
3.409199999999999786e+00 5.404899999999999594e+00 -2.522800000000000153e+00 -8.995800000000000463e-01
2.896900000000000031e+00 7.076799999999999757e-01 2.290000000000000036e+00 1.866300000000000070e+00
1.535600000000000076e+00 9.177199999999999136e+00 -2.271799999999999820e+00 -7.353499999999999481e-01
-2.791399999999999881e+00 1.773400000000000087e+00 6.775599999999999845e+00 -3.991500000000000048e-01
4.247499999999999609e+00 1.481600000000000028e+00 -4.835499999999999798e-01 9.534299999999999997e-01
7.430700000000000083e-01 1.116999999999999993e+01 -1.382400000000000073e+00 -4.072799999999999976e+00
3.121900000000000119e+00 -3.137000000000000011e+00 1.925899999999999945e+00 -3.745800000000000241e-01
2.613999999999999879e+00 8.008100000000000662e+00 -3.725800000000000001e+00 -1.306899999999999951e+00
1.131699999999999928e+00 3.964700000000000113e+00 3.397899999999999920e+00 8.435099999999999820e-01
-2.495299999999999851e+00 1.114719999999999978e+01 1.935300000000000020e+00 -3.463799999999999990e+00
3.621599999999999930e+00 8.666100000000000136e+00 -2.807300000000000129e+00 -4.469899999999999984e-01
-1.695200000000000040e+00 1.065700000000000092e+00 8.829399999999999693e+00 9.495500000000000052e-01
5.130200000000000315e+00 8.670299999999999230e+00 -2.891300000000000203e+00 -1.508599999999999941e+00
-1.610800000000000010e-01 -6.462399999999999700e+00 8.357300000000000395e+00 -1.521600000000000064e+00
-1.262399999999999911e-01 1.032160000000000011e+01 -3.712099999999999955e+00 -6.118500000000000050e+00
6.563299999999999912e+00 9.818699999999999761e+00 -4.411299999999999777e+00 -3.225800000000000001e+00
4.827200000000000379e+00 3.068700000000000205e+00 6.860399999999999832e-01 8.073099999999999721e-01
1.173899999999999944e-01 6.276099999999999568e+00 -1.549500000000000099e+00 -2.474600000000000133e+00
-1.119299999999999962e+00 1.072710000000000008e+01 2.093799999999999883e+00 -5.650400000000000311e+00
3.063200000000000145e+00 -3.331500000000000128e+00 5.130499999999999616e+00 8.266999999999999904e-01
-2.780000000000000249e-01 8.188100000000000378e+00 -3.133799999999999919e+00 -2.527600000000000069e+00
1.734600000000000031e-01 7.869500000000000384e+00 2.687599999999999989e-01 -3.788300000000000001e+00
4.567899999999999849e+00 3.192899999999999849e+00 -2.105500000000000149e+00 2.965300000000000158e-01
4.570700000000000429e+00 7.209399999999999586e+00 -3.279399999999999871e+00 -1.494399999999999951e+00
1.261600000000000055e+00 4.430299999999999905e+00 -1.333499999999999908e+00 -1.751700000000000035e+00
1.908100000000000074e-01 9.129699999999999704e+00 -3.725000000000000089e+00 -5.822400000000000020e+00
3.183600000000000207e+00 7.232099999999999973e+00 -1.071299999999999919e+00 -2.590899999999999981e+00
7.405399999999999761e-01 3.662500000000000200e-01 2.199199999999999822e+00 4.840300000000000158e-01
-1.668199999999999961e-01 5.897400000000000198e+00 4.983899999999999997e-01 -7.004399999999999515e-01
3.798400000000000110e-01 7.097499999999999920e-01 7.571600000000000552e-01 -4.444100000000000272e-01
-2.647899999999999920e+00 1.013739999999999952e+01 -1.330999999999999961e+00 -5.470699999999999896e+00
3.154100000000000126e+00 -5.171100000000000030e+00 6.599099999999999966e+00 5.745500000000000052e-01
5.705999999999999961e-01 -2.479999999999999913e-02 1.242099999999999982e+00 -5.621000000000000441e-01
1.375399999999999956e+00 8.879300000000000637e+00 -1.913599999999999968e+00 -5.375100000000000433e-01
3.466699999999999893e+00 -4.072400000000000020e+00 4.288199999999999790e+00 1.541800000000000059e+00
4.676499999999999879e+00 -3.389499999999999957e+00 3.489599999999999813e+00 1.477100000000000080e+00
5.878199999999999648e+00 5.940900000000000070e+00 -2.854400000000000048e+00 -6.086300000000000043e-01
-2.741899999999999782e+00 1.140380000000000038e+01 2.539400000000000102e+00 -5.579299999999999926e+00
8.135599999999999499e-01 9.156599999999999184e+00 -2.149199999999999999e+00 -4.181400000000000006e+00
3.819700000000000095e+00 8.995100000000000762e+00 -4.383000000000000007e+00 -4.032700000000000173e+00
1.645000000000000018e+00 7.861200000000000188e+00 -8.759799999999999809e-01 -3.556900000000000173e+00
3.459099999999999842e+00 1.111200000000000010e+01 -4.203899999999999970e+00 -5.093099999999999739e+00
-1.327399999999999913e+00 9.497999999999999332e+00 2.440799999999999859e+00 -5.268900000000000361e+00
4.429499999999999993e+00 -2.350699999999999790e+00 1.704800000000000093e+00 9.094600000000000461e-01
-2.342999999999999972e+00 1.295159999999999911e+01 3.328500000000000014e+00 -5.942599999999999660e+00
-1.361199999999999966e+00 1.069400000000000084e+01 1.702199999999999935e+00 -2.902600000000000069e+00
3.543800000000000061e+00 1.239500000000000046e+00 1.997000000000000108e+00 2.154700000000000060e+00
2.372900000000000009e+00 1.047259999999999991e+01 -3.008700000000000152e+00 -3.201299999999999812e+00
2.739100000000000090e+00 7.401799999999999713e+00 7.168399999999999772e-02 -2.530199999999999783e+00
3.357699999999999907e+00 -4.306199999999999584e+00 6.024099999999999788e+00 1.827400000000000135e-01
5.194999999999999618e-01 -3.263300000000000090e+00 3.089500000000000135e+00 -9.848999999999999977e-01
5.242300000000000182e+00 1.102720000000000056e+01 -4.352999999999999758e+00 -4.101300000000000168e+00
2.823700000000000099e+00 2.859700000000000131e+00 1.967800000000000105e-01 5.719600000000000239e-01
1.762000000000000011e+00 4.368199999999999861e+00 2.138399999999999856e+00 7.542900000000000160e-01
3.798000000000000265e-01 7.097999999999999865e-01 7.571999999999999842e-01 -4.444000000000000172e-01
1.356200000000000072e+00 3.213600000000000012e+00 4.346499999999999808e+00 7.866199999999999859e-01
1.143199999999999994e+00 -3.741299999999999848e+00 5.577700000000000102e+00 -6.357800000000000118e-01
5.494399999999999729e+00 1.547800000000000065e+00 4.169400000000000189e-02 1.928399999999999892e+00
1.847999999999999921e-01 6.507900000000000240e+00 2.013300000000000090e+00 -8.724199999999999733e-01
-5.396600000000000286e-01 7.327300000000000146e+00 4.658300000000000218e-01 -1.454299999999999926e+00
-1.759900000000000020e+00 1.192109999999999914e+01 2.675600000000000200e+00 -3.324100000000000055e+00
2.560500000000000220e+00 9.268299999999999983e+00 -3.591299999999999937e+00 -1.356000000000000094e+00
3.775799999999999823e+00 7.178300000000000125e+00 -1.519500000000000073e+00 4.012800000000000256e-01
-1.858400000000000052e+00 7.886000000000000121e+00 -1.664299999999999891e+00 -1.838400000000000034e+00
4.166500000000000092e+00 -4.449000000000000177e-01 2.344799999999999940e-01 2.784300000000000108e-01
1.964699999999999891e+00 6.938299999999999912e+00 5.772199999999999553e-01 6.637699999999999712e-01
2.254599999999999937e+00 8.099199999999999733e+00 -2.487699999999999911e-01 -3.269800000000000040e+00
-7.868899999999999784e-01 9.566300000000000026e+00 -3.786700000000000177e+00 -7.503400000000000070e+00
-1.300000000000000044e+00 1.026779999999999937e+01 -2.952999999999999847e+00 -5.863800000000000345e+00
2.671800000000000175e+00 5.657399999999999984e+00 7.297400000000000553e-01 -1.489200000000000079e+00
3.977199999999999847e+00 3.352100000000000080e-01 2.256600000000000161e+00 2.162500000000000089e+00
-6.447199999999999598e-01 -4.606200000000000294e+00 8.346999999999999531e+00 -2.709900000000000198e+00
5.306300000000000239e+00 5.268399999999999750e+00 -2.890400000000000080e+00 -5.271599999999999620e-01
-3.981600000000000139e-01 5.978100000000000414e+00 1.391199999999999992e+00 -1.162099999999999911e+00
-1.139100000000000001e+00 1.812699999999999978e+00 6.914399999999999658e+00 7.012699999999999489e-01
-1.040100000000000025e+00 9.398699999999999832e+00 8.599799999999999667e-01 -5.333599999999999675e+00
4.171100000000000030e+00 8.721999999999999531e+00 -3.022400000000000198e+00 -5.969900000000000206e-01
-1.338899999999999979e+00 1.552000000000000046e+00 7.080599999999999561e+00 1.030999999999999917e+00
2.852300000000000058e+00 9.009600000000000719e+00 -3.761000000000000121e+00 -3.337099999999999955e+00
1.323399999999999910e+00 3.296400000000000219e+00 2.361999999999999933e-01 -1.198400000000000021e-01
1.019099999999999895e+00 2.330000000000000071e+00 4.933399999999999785e+00 8.292899999999999716e-01
1.774799999999999933e+00 -7.697800000000000198e-01 5.585399999999999920e+00 1.303900000000000059e+00
-9.592300000000000271e-01 9.103899999999999493e-02 6.220399999999999707e+00 -1.482799999999999896e+00
-1.576799999999999979e+00 1.084299999999999997e+01 2.546199999999999797e+00 -2.936199999999999921e+00
1.155799999999999939e+00 6.400299999999999656e+00 1.550599999999999978e+00 6.961000000000000520e-01
4.636099999999999888e+00 -2.661099999999999799e+00 2.835799999999999876e+00 1.199100000000000055e+00
5.786699999999999733e+00 7.890200000000000102e+00 -2.619600000000000151e+00 -4.870800000000000129e-01
-2.460399999999999920e+00 1.273019999999999996e+01 9.173799999999999732e-01 -7.641799999999999926e+00
2.736499999999999932e+00 -5.032499999999999751e+00 6.660800000000000054e+00 -5.788900000000000157e-01
3.576999999999999957e+00 2.400399999999999867e+00 1.890800000000000036e+00 7.323100000000000165e-01
3.291999999999999926e-01 -4.455199999999999605e+00 4.571799999999999642e+00 -9.888000000000000123e-01
-4.288700000000000401e+00 -7.863299999999999734e+00 1.183869999999999933e+01 -1.897799999999999931e+00
-3.724400000000000155e+00 1.903699999999999948e+00 -3.542100000000000110e-02 -2.509500000000000064e+00
-1.602899999999999991e+00 -3.890299999999999869e-01 1.620000000000000107e+00 1.910300000000000109e+00
-2.570100000000000051e+00 -6.845200000000000173e+00 8.999900000000000233e+00 2.135299999999999976e+00
-8.260100000000000220e-01 2.961100000000000065e+00 -1.286399999999999988e+00 -1.464699999999999891e+00
-2.006600000000000161e+00 -6.719000000000000306e+00 9.016199999999999548e+00 9.998500000000000443e-02
2.143100000000000005e-01 -6.952899999999999636e-01 8.771099999999999453e-01 2.965300000000000158e-01
1.886799999999999866e-01 7.014799999999999924e-01 -5.118200000000000527e-01 5.589199999999999897e-03
-1.388700000000000045e+00 -4.877299999999999969e+00 6.477400000000000269e+00 3.417899999999999827e-01
-1.562100000000000044e+00 -2.212099999999999955e+00 4.259100000000000108e+00 2.797200000000000242e-01
-3.993399999999999839e+00 5.833300000000000374e+00 5.472299999999999942e-01 -4.937899999999999956e+00
-3.895300000000000207e+00 4.039200000000000124e+00 -3.019000000000000017e-01 -2.183600000000000207e+00
-6.576699999999999768e-01 -2.801800000000000068e+00 3.711500000000000021e+00 9.973899999999999988e-01
-4.553099999999999703e+00 -1.258539999999999992e+01 1.544170000000000087e+01 -1.498299999999999965e+00
-2.902000000000000135e+00 -7.656299999999999883e+00 1.183179999999999943e+01 -8.426799999999999846e-01
2.017700000000000049e+00 1.798200000000000021e+00 -2.958099999999999952e+00 2.099000000000000032e-01
-3.115800000000000125e+00 -8.628899999999999793e+00 1.044030000000000058e+01 9.715300000000000047e-01
-3.127299999999999969e+00 -7.112099999999999866e+00 1.138969999999999949e+01 -8.363400000000000001e-02
-3.142300000000000093e+00 -1.303650000000000020e+01 1.567730000000000068e+01 -6.616499999999999604e-01
-4.396700000000000053e+00 4.960099999999999731e+00 -6.489200000000000523e-01 -5.471899999999999764e+00
6.636499999999999622e-01 -4.553299999999999709e-02 -1.879399999999999959e-01 2.344700000000000117e-01
1.345099999999999962e+00 2.358899999999999886e-01 -1.878500000000000059e+00 1.325800000000000090e+00
-3.571299999999999919e+00 -1.249220000000000041e+01 1.488809999999999967e+01 -4.702700000000000213e-01
-8.872799999999999576e-01 2.807999999999999829e+00 -3.143200000000000216e+00 -1.203500000000000014e+00
-5.047699999999999854e+00 -5.802299999999999791e+00 1.124399999999999977e+01 -3.901000000000000023e-01
-4.002500000000000391e+00 -1.349789999999999957e+01 1.767719999999999914e+01 -3.320199999999999818e+00
-2.620000000000000107e+00 -6.855500000000000149e+00 6.216899999999999871e+00 -6.228500000000000147e-01
-4.021799999999999820e+00 -8.304000000000000270e+00 1.255499999999999972e+01 -1.509900000000000020e+00
-1.771300000000000097e+00 -1.076650000000000063e+01 1.021840000000000082e+01 -1.004299999999999971e+00
8.454599999999999893e-01 3.482600000000000140e+00 -3.630700000000000038e+00 -1.396099999999999897e+00
-3.718100000000000183e+00 -8.508900000000000574e+00 1.236299999999999955e+01 -9.551800000000000290e-01
3.021899999999999933e-02 -1.051199999999999912e+00 1.402400000000000091e+00 7.736899999999999888e-01
2.687700000000000089e-01 4.987000000000000099e+00 -5.150800000000000267e+00 -6.391300000000000203e+00
-3.320300000000000029e+00 -2.690999999999999989e-02 2.961800000000000210e+00 -4.495799999999999796e-01
-5.881800000000000139e+00 7.658400000000000318e+00 5.557999999999999607e-01 -2.915500000000000203e+00
-2.014899999999999913e+00 3.687399999999999789e+00 -1.938499999999999890e+00 -3.891799999999999926e+00
1.742499999999999938e+00 3.683300000000000018e+00 -4.012900000000000134e+00 -1.720699999999999896e+00
-3.043199999999999794e-01 2.652800000000000047e+00 -2.775599999999999845e+00 -6.564699999999999980e-01
9.661299999999999402e-03 3.561199999999999921e+00 -4.407000000000000028e+00 -4.410300000000000331e+00
-5.294299999999999784e+00 -5.146300000000000097e+00 1.033319999999999972e+01 -1.118100000000000094e+00
-3.379300000000000193e+00 -1.377309999999999945e+01 1.792739999999999867e+01 -2.032300000000000217e+00
5.529800000000000271e-01 -3.461899999999999977e+00 1.704800000000000093e+00 1.100800000000000001e+00
-2.991499999999999826e+00 -6.625799999999999912e+00 8.652100000000000790e+00 1.819800000000000084e+00
-4.944700000000000095e+00 3.300499999999999989e+00 1.062999999999999945e+00 -1.443999999999999950e+00
-3.593300000000000161e+00 2.296799999999999953e-01 7.126000000000000112e-01 -3.331999999999999962e-01
2.594299999999999939e-01 5.009699999999999598e+00 -5.039399999999999658e+00 -6.386199999999999655e+00
-4.147899999999999920e+00 7.122499999999999609e+00 -8.340400000000000591e-02 -6.417200000000000237e+00
-8.980900000000000549e-01 -4.486200000000000188e+00 2.200899999999999856e+00 5.073100000000000387e-01
-6.738699999999999690e+00 6.987899999999999778e+00 6.783299999999999885e-01 -7.588700000000000223e+00
-8.147900000000000142e-01 -5.738100000000000200e+00 4.391899999999999693e+00 3.210999999999999965e-01
3.332499999999999907e-01 3.310799999999999965e+00 -4.508099999999999774e+00 -4.011999999999999567e+00
-5.166100000000000136e+00 8.043300000000000338e+00 4.426499999999999879e-02 -4.498300000000000409e+00
-2.552599999999999980e+00 -7.362499999999999822e+00 6.925500000000000433e+00 -6.681099999999999817e-01
-4.928100000000000258e-01 3.060500000000000220e+00 -1.835599999999999898e+00 -2.834000000000000075e+00
-1.595099999999999962e+00 -6.572000000000000064e+00 4.768900000000000361e+00 -9.435400000000000453e-01
-1.479999999999999982e+00 -1.052439999999999998e+01 9.917600000000000193e+00 -5.026000000000000467e-01
-1.786000000000000032e+00 -8.115700000000000358e+00 7.085799999999999876e+00 -1.211200000000000054e+00
5.593900000000000539e-01 -3.104000000000000092e-01 1.830700000000000105e-01 4.465299999999999825e-01
-2.664899999999999824e+00 -1.281300000000000061e+01 1.266890000000000072e+01 -1.908199999999999896e+00
-5.030100000000000016e+00 7.503199999999999648e+00 -1.339599999999999957e-01 -7.503400000000000070e+00
1.787500000000000089e+00 4.780000000000000249e+00 -5.136199999999999655e+00 -3.236200000000000188e+00
-2.899000000000000021e+00 -6.042399999999999993e-01 2.604499999999999815e+00 1.377599999999999936e+00
-6.329799999999999871e-01 -5.127699999999999925e+00 4.562400000000000233e+00 1.479700000000000015e+00
-1.557199999999999918e+00 -9.880800000000000693e+00 8.108800000000000452e+00 -1.080600000000000005e+00
-2.591899999999999871e+00 -1.055299999999999905e+00 3.894899999999999807e+00 7.775699999999999834e-01
-2.658999999999999808e+00 -1.605799999999999894e+00 1.364700000000000024e+00 1.646400000000000086e-01
-4.633799999999999919e+00 -1.275089999999999968e+01 1.671659999999999968e+01 -3.216800000000000104e+00
-8.956899999999999862e-01 3.002499999999999947e+00 -3.606700000000000017e+00 -3.445699999999999985e+00
-1.848300000000000054e+00 3.103799999999999892e-01 7.734400000000000164e-01 1.418900000000000050e+00
2.031000000000000139e+00 1.852000000000000091e+00 -3.012100000000000222e+00 3.003000000000000027e-03
-4.946200000000000152e+00 3.571600000000000108e+00 8.274200000000000443e-01 -1.495700000000000029e+00
-1.390700000000000047e+00 -1.378100000000000103e+00 2.305499999999999883e+00 -2.156599999999999837e-02
-2.248200000000000198e+00 3.091499999999999915e+00 -2.396900000000000031e+00 -2.671100000000000030e+00
-1.844799999999999995e+00 1.254000000000000004e+00 2.721799999999999775e-01 -1.072799999999999976e+00
-4.140900000000000247e+00 3.461899999999999977e+00 -4.784100000000000019e-01 -3.887900000000000134e+00
-3.591600000000000126e+00 -6.228500000000000369e+00 1.023889999999999922e+01 -1.154300000000000104e+00
-2.895700000000000163e+00 -1.202050000000000018e+01 1.191489999999999938e+01 -2.755199999999999871e+00
-2.640600000000000058e+00 -4.415899999999999714e+00 5.982999999999999652e+00 -1.392400000000000027e-01
6.365499999999999492e-01 5.202200000000000379e+00 -5.215900000000000425e+00 -6.121100000000000207e+00
2.227899999999999991e+00 4.095100000000000406e+00 -4.803700000000000081e+00 -2.111200000000000188e+00
-1.445400000000000018e+00 -8.438499999999999446e+00 8.848300000000000054e+00 9.689400000000000235e-01
-1.366000000000000103e+00 1.841599999999999904e-01 9.053900000000000281e-01 1.580600000000000005e+00
-6.397899999999999920e+00 6.447899999999999743e+00 1.083599999999999897e+00 -6.617600000000000371e+00
1.103200000000000014e-01 1.974099999999999966e+00 -3.366800000000000015e+00 -6.525900000000000034e-01
8.158300000000000551e-01 4.839999999999999858e+00 -5.261300000000000310e+00 -6.082300000000000040e+00
-2.861899999999999888e+00 4.519300000000000317e+00 -5.812300000000000244e-01 -4.262900000000000134e+00
-2.028500000000000192e+00 3.846799999999999997e+00 -6.343499999999999694e-01 -1.175000000000000044e+00
-4.842600000000000016e+00 -4.993199999999999861e+00 1.040520000000000067e+01 -5.310399999999999565e-01
-2.790799999999999947e+00 -5.713300000000000267e+00 5.953000000000000291e+00 4.594599999999999795e-01
-6.424699999999999633e+00 9.531100000000000350e+00 2.284399999999999972e-02 -6.851700000000000124e+00
-2.456100000000000172e+00 -4.556600000000000428e+00 6.453400000000000247e+00 -5.647900000000000142e-02
-1.409399999999999986e+00 -2.125199999999999978e+00 -1.039700000000000069e-01 -1.922500000000000042e-01
-3.889400000000000190e+00 -7.832200000000000273e+00 9.820800000000000196e+00 4.749800000000000133e-01
-5.385699999999999932e+00 9.121399999999999508e+00 -4.192899999999999960e-01 -5.918099999999999916e+00
-3.941100000000000048e+00 -1.287920000000000087e+01 1.305969999999999942e+01 -3.312500000000000000e+00
-6.204300000000000370e-01 5.586999999999999744e-01 -3.858699999999999908e-01 -6.642299999999999871e-01
-3.774700000000000166e+00 2.516199999999999992e+00 8.334099999999999842e-01 -3.099299999999999833e-01
-6.268399999999999528e-01 -6.301000000000000156e+00 4.784299999999999997e+00 1.106000000000000094e+00
-5.535499999999999865e-01 -7.923300000000000232e+00 6.715600000000000236e+00 7.439400000000000457e-01
-3.098599999999999799e+00 -1.046020000000000039e+01 8.971700000000000230e+00 -2.342699999999999783e+00
-1.279199999999999893e+00 2.137599999999999945e+00 -4.758399999999999852e-01 -1.397399999999999975e+00
-2.167400000000000215e+00 1.241499999999999965e-01 -1.046499999999999986e+00 -8.620799999999999574e-01
-3.941600000000000104e-01 -2.070200000000000165e-02 -6.626700000000000645e-02 -4.469899999999999984e-01
-3.079899999999999860e+00 6.083600000000000119e-01 2.703899999999999970e+00 -2.375099999999999989e-01
2.346000000000000030e-01 -4.515200000000000102e+00 2.119499999999999940e+00 1.444800000000000084e+00
-7.036400000000000432e+00 9.293100000000000804e+00 1.659400000000000042e-01 -4.539600000000000080e+00
