2.916300000000000114e+00 1.083060000000000045e+01 -3.343700000000000117e+00 -4.121999999999999886e+00
1.226199999999999957e+00 8.959899999999999531e-01 5.756800000000000139e+00 -1.159599999999999936e-01
5.705999999999999961e-01 -2.479999999999999913e-02 1.242099999999999982e+00 -5.621000000000000441e-01
3.545799999999999841e+00 9.371800000000000352e+00 -4.035099999999999909e+00 -3.956399999999999917e+00
2.172099999999999920e+00 -7.387399999999999523e-01 5.467200000000000060e+00 -7.237099999999999644e-01
1.547800000000000065e+00 9.181400000000000006e+00 -1.632600000000000051e+00 -1.737500000000000044e+00
2.252600000000000158e+00 9.963599999999999568e+00 -3.174900000000000055e+00 -2.994400000000000173e+00
1.224699999999999900e+00 8.777900000000000702e+00 -2.213499999999999801e+00 -8.064700000000000202e-01
1.749600000000000044e+00 -1.759000000000000008e-01 5.182699999999999640e+00 1.292200000000000015e+00
4.845100000000000406e+00 8.111599999999999255e+00 -2.951200000000000045e+00 -1.472399999999999931e+00
2.876999999999999780e+00 -4.059899999999999842e+00 3.625900000000000123e+00 -3.254400000000000071e-01
1.143000000000000016e+00 8.339100000000000401e-01 5.455199999999999605e+00 -5.698400000000000132e-01
4.384800000000000253e+00 -3.072900000000000187e+00 3.042300000000000004e+00 1.274100000000000010e+00
1.213799999999999990e+00 8.798600000000000421e+00 -2.167199999999999793e+00 -7.418200000000000349e-01
4.160499999999999865e+00 1.121959999999999980e+01 -3.613599999999999923e+00 -4.081900000000000084e+00
2.316399999999999793e+00 -2.628000000000000114e+00 3.152899999999999814e+00 -8.622000000000000497e-02
5.285499999999999643e-01 9.642699999999999605e-01 4.024300000000000210e+00 -1.048300000000000010e+00
4.152899999999999814e+00 -3.935799999999999965e+00 2.863300000000000178e+00 -1.768600000000000033e-02
2.823199999999999932e+00 1.085130000000000017e+01 -3.146599999999999842e+00 -3.978400000000000158e+00
7.225200000000000511e-01 -5.381099999999999772e-02 5.670300000000000118e+00 -1.350899999999999990e+00
4.615999999999999659e+00 1.017880000000000074e+01 -4.218499999999999694e+00 -4.424500000000000099e+00
4.012699999999999712e+00 1.014770000000000039e+01 -3.936599999999999877e+00 -4.072799999999999976e+00
-1.314400000000000013e-01 -1.777500000000000080e+00 8.331599999999999895e+00 3.521400000000000086e-01
4.119699999999999918e+00 -2.795599999999999863e+00 2.070699999999999985e+00 6.741200000000000525e-01
4.339800000000000324e+00 -5.303600000000000314e+00 3.880300000000000082e+00 -7.043199999999999461e-01
4.216400000000000148e+00 9.460699999999999221e+00 -4.928799999999999848e+00 -5.236600000000000144e+00
3.000900000000000123e+00 5.812599999999999767e+00 -2.230599999999999916e+00 -6.655299999999999550e-01
-4.800800000000000206e-02 -1.603699999999999903e+00 8.475600000000000023e+00 7.555800000000000294e-01
3.689400000000000013e+00 9.887000000000000455e+00 -4.078800000000000203e+00 -4.366399999999999615e+00
4.055200000000000138e+00 -2.458299999999999930e+00 2.280600000000000183e+00 1.032299999999999995e+00
5.591000000000000192e+00 1.046429999999999971e+01 -4.383899999999999686e+00 -4.337900000000000311e+00
5.705999999999999961e-01 -2.479999999999999913e-02 1.242099999999999982e+00 -5.621000000000000441e-01
5.241799999999999571e+00 1.053880000000000017e+01 -4.117399999999999949e+00 -4.279700000000000060e+00
5.418800000000000061e+00 1.014569999999999972e+01 -4.083999999999999631e+00 -3.699100000000000055e+00
1.731700000000000017e+00 -3.476500000000000146e-01 4.190500000000000114e+00 -9.913800000000000390e-01
4.363999999999999879e+00 -3.103899999999999881e+00 2.375700000000000145e+00 7.853200000000000180e-01
5.503999999999999559e+00 1.036710000000000065e+01 -4.413000000000000256e+00 -4.021099999999999675e+00
-2.061999999999999944e-01 9.220700000000000784e+00 -3.704400000000000137e+00 -6.810299999999999798e+00
3.883999999999999897e+00 1.002769999999999939e+01 -3.929800000000000182e+00 -4.081900000000000084e+00
2.292800000000000171e+00 9.038600000000000634e+00 -3.241699999999999804e+00 -1.299099999999999921e+00
-1.778100000000000014e+00 8.546000000000000263e-01 7.130300000000000082e+00 2.757199999999999929e-02
2.974200000000000177e+00 8.960000000000000853e+00 -2.902400000000000091e+00 -1.037900000000000045e+00
3.735199999999999854e+00 9.591100000000000847e+00 -3.903200000000000003e+00 -3.348700000000000010e+00
4.368400000000000283e+00 9.671799999999999287e+00 -3.960599999999999898e+00 -3.162500000000000089e+00
3.480500000000000149e+00 9.700799999999999201e+00 -3.754100000000000215e+00 -3.437899999999999956e+00
-2.481099999999999972e-01 -1.779699999999999893e-01 4.906799999999999606e+00 1.542900000000000105e-01
5.437999999999999723e+00 9.466900000000000759e+00 -4.941699999999999982e+00 -3.920199999999999907e+00
4.021499999999999631e+00 -2.700400000000000134e+00 2.495699999999999807e+00 3.663600000000000190e-01
5.021399999999999864e+00 8.076399999999999579e+00 -3.051499999999999879e+00 -1.715500000000000025e+00
3.456599999999999895e+00 9.522800000000000153e+00 -4.011199999999999655e+00 -3.594399999999999817e+00
3.230300000000000171e+00 7.838400000000000034e+00 -3.534800000000000164e+00 -1.215100000000000069e+00
1.181100000000000039e+00 8.384700000000000486e+00 -2.056700000000000195e+00 -9.034499999999999753e-01
3.358999999999999986e+00 9.802199999999999136e+00 -3.820899999999999963e+00 -3.713299999999999823e+00
-3.838799999999999990e-01 -1.047099999999999920e+00 8.051399999999999224e+00 4.956699999999999995e-01
1.158800000000000052e+00 8.933099999999999596e+00 -2.080700000000000216e+00 -1.127199999999999980e+00
4.605400000000000382e+00 -4.076500000000000234e+00 2.758700000000000152e+00 3.198099999999999832e-01
3.515600000000000058e+00 1.018909999999999982e+01 -4.275900000000000034e+00 -4.977999999999999758e+00
3.866000000000000103e+00 -2.638300000000000090e+00 1.924199999999999910e+00 1.064500000000000030e-01
5.029700000000000060e+00 -4.970399999999999707e+00 3.502499999999999947e+00 -2.375099999999999989e-01
5.121299999999999741e+00 8.556499999999999773e+00 -3.391700000000000159e+00 -1.547400000000000109e+00
3.093399999999999928e+00 -2.917699999999999960e+00 2.223199999999999843e+00 2.228300000000000003e-01
-7.869000000000000439e-01 9.566300000000000026e+00 -3.786700000000000177e+00 -7.503400000000000070e+00
2.313600000000000101e+00 1.066510000000000069e+01 -3.528799999999999937e+00 -4.767199999999999882e+00
3.464199999999999946e+00 1.068779999999999930e+01 -3.407099999999999795e+00 -4.108999999999999986e+00
4.718099999999999739e+00 1.001529999999999987e+01 -3.948599999999999888e+00 -3.858200000000000074e+00
-7.869000000000000439e-01 9.566300000000000026e+00 -3.786700000000000177e+00 -7.503400000000000070e+00
2.131899999999999906e+00 -2.040299999999999780e+00 2.557399999999999896e+00 -6.165199999999999847e-02
-4.506200000000000205e-01 -1.367799999999999905e+00 7.085799999999999876e+00 -4.030299999999999994e-01
3.586199999999999832e+00 -3.095699999999999896e+00 2.809299999999999908e+00 2.448099999999999998e-01
4.306400000000000006e+00 8.206799999999999429e+00 -2.782399999999999984e+00 -1.433599999999999985e+00
2.097700000000000120e-01 -4.614599999999999813e-01 7.726700000000000124e+00 9.094600000000000461e-01
3.732099999999999973e+00 -3.883999999999999897e+00 3.357699999999999907e+00 -6.048600000000000330e-03
3.992199999999999971e+00 -4.467600000000000016e+00 3.730399999999999938e+00 -1.095000000000000001e-01
4.103799999999999670e+00 -4.806899999999999729e+00 3.349099999999999966e+00 -4.922500000000000209e-01
2.803300000000000125e+00 9.086199999999999832e+00 -3.366800000000000015e+00 -1.022399999999999975e+00
9.473200000000000509e-01 -5.711300000000000265e-01 7.190299999999999692e+00 -6.758699999999999708e-01
4.192700000000000315e+00 -3.267399999999999860e+00 2.583899999999999864e+00 2.176599999999999924e-01
1.013500000000000068e+00 8.455099999999999838e+00 -1.671999999999999931e+00 -2.081500000000000128e+00
4.650000000000000355e+00 -4.829699999999999882e+00 3.455299999999999816e+00 -2.517400000000000193e-01
3.936399999999999899e+00 1.058849999999999980e+01 -3.725000000000000089e+00 -4.313299999999999912e+00
3.188699999999999868e+00 -3.414299999999999891e+00 2.774199999999999999e+00 -2.026000000000000023e-01
5.018500000000000405e+00 8.597799999999999443e+00 -2.937500000000000000e+00 -1.280999999999999917e+00
3.033300000000000107e+00 -2.592799999999999994e+00 2.318299999999999805e+00 3.029999999999999916e-01
4.258600000000000385e+00 1.129620000000000068e+01 -4.094299999999999606e+00 -4.345699999999999896e+00
4.067999999999999616e+00 -2.936300000000000132e+00 2.199199999999999822e+00 5.008399999999999519e-01
4.646399999999999864e+00 1.053260000000000041e+01 -4.585200000000000387e+00 -4.206000000000000405e+00
5.194999999999999618e-01 -3.263300000000000090e+00 3.089500000000000135e+00 -9.848999999999999977e-01
1.910500000000000087e+00 8.871000000000000441e+00 -2.338600000000000012e+00 -7.560400000000000453e-01
4.569099999999999717e+00 -4.455199999999999605e+00 3.176899999999999835e+00 4.296099999999999745e-03
1.535600000000000076e+00 9.177199999999999136e+00 -2.271799999999999820e+00 -7.353499999999999481e-01
3.941399999999999793e+00 -3.290200000000000014e+00 3.167400000000000215e+00 1.086600000000000010e+00
4.142500000000000071e+00 -3.679199999999999804e+00 3.828100000000000058e+00 1.629699999999999926e+00
-2.791399999999999881e+00 1.773400000000000087e+00 6.775599999999999845e+00 -3.991500000000000048e-01
3.798200000000000021e+00 1.042300000000000004e+01 -4.160199999999999676e+00 -4.972800000000000331e+00
3.848100000000000076e+00 1.015390000000000015e+01 -3.856100000000000083e+00 -4.222800000000000331e+00
-4.800800000000000206e-02 -5.607799999999999452e-01 7.721499999999999808e+00 4.530000000000000138e-01
3.205099999999999838e+00 8.688900000000000290e+00 -2.903300000000000214e+00 -7.819000000000000394e-01
3.358299999999999841e+00 1.035670000000000002e+01 -3.730100000000000193e+00 -3.699100000000000055e+00
5.705999999999999961e-01 -2.479999999999999913e-02 1.242099999999999982e+00 -5.621000000000000441e-01
3.121900000000000119e+00 -3.137000000000000011e+00 1.925899999999999945e+00 -3.745800000000000241e-01
2.613999999999999879e+00 8.008100000000000662e+00 -3.725800000000000001e+00 -1.306899999999999951e+00
5.194699999999999873e-01 -3.263300000000000090e+00 3.089500000000000135e+00 -9.849200000000000177e-01
3.621599999999999930e+00 8.666100000000000136e+00 -2.807300000000000129e+00 -4.469899999999999984e-01
2.716099999999999959e+00 -4.200599999999999667e+00 4.191399999999999793e+00 1.698099999999999887e-01
-1.695200000000000040e+00 1.065700000000000092e+00 8.829399999999999693e+00 9.495500000000000052e-01
3.692200000000000149e+00 -3.958499999999999908e+00 4.343899999999999650e+00 1.351699999999999902e+00
4.096199999999999619e+00 1.018909999999999982e+01 -3.932300000000000129e+00 -4.182699999999999640e+00
1.480599999999999916e+00 7.637699999999999712e+00 -2.787599999999999856e+00 -1.034100000000000019e+00
-1.178300000000000042e-01 -1.578899999999999970e+00 8.029999999999999361e+00 -2.803100000000000036e-02
1.981800000000000006e+00 9.262100000000000222e+00 -3.520999999999999908e+00 -1.872000000000000108e+00
5.130200000000000315e+00 8.670299999999999230e+00 -2.891300000000000203e+00 -1.508599999999999941e+00
-1.262399999999999911e-01 1.032160000000000011e+01 -3.712099999999999955e+00 -6.118500000000000050e+00
-1.149699999999999944e+00 1.295400000000000107e+00 7.700999999999999623e+00 6.262699999999999934e-01
6.563299999999999912e+00 9.818699999999999761e+00 -4.411299999999999777e+00 -3.225800000000000001e+00
1.173899999999999944e-01 6.276099999999999568e+00 -1.549500000000000099e+00 -2.474600000000000133e+00
4.643900000000000361e+00 -3.372900000000000009e+00 2.597599999999999909e+00 5.525700000000000056e-01
4.240599999999999703e+00 -2.485199999999999854e+00 1.608000000000000096e+00 7.155000000000000249e-01
4.165399999999999991e+00 -3.449500000000000011e+00 3.642999999999999794e+00 1.087900000000000089e+00
1.427599999999999980e+00 8.384700000000000486e+00 -2.099499999999999922e+00 -1.967700000000000005e+00
-2.780000000000000249e-01 8.188100000000000378e+00 -3.133799999999999919e+00 -2.527600000000000069e+00
-2.061999999999999944e-01 9.220700000000000784e+00 -3.704400000000000137e+00 -6.810299999999999798e+00
3.977100000000000080e+00 1.115130000000000088e+01 -3.927200000000000024e+00 -4.344400000000000261e+00
3.105999999999999872e+00 9.541399999999999437e+00 -4.253599999999999604e+00 -4.003000000000000114e+00
4.570700000000000429e+00 7.209399999999999586e+00 -3.279399999999999871e+00 -1.494399999999999951e+00
4.433799999999999741e+00 9.887000000000000455e+00 -4.679499999999999993e+00 -3.748299999999999965e+00
2.564999999999999947e+00 8.632999999999999119e+00 -2.994099999999999984e+00 -1.308200000000000029e+00
3.811700000000000088e+00 1.014569999999999972e+01 -4.046299999999999564e+00 -4.562899999999999956e+00
1.261600000000000055e+00 4.430299999999999905e+00 -1.333499999999999908e+00 -1.751700000000000035e+00
1.908100000000000074e-01 9.129699999999999704e+00 -3.725000000000000089e+00 -5.822400000000000020e+00
8.956600000000000117e-01 7.776299999999999990e+00 -2.747300000000000075e+00 -1.935300000000000020e+00
7.405399999999999761e-01 3.662500000000000200e-01 2.199199999999999822e+00 4.840300000000000158e-01
2.973599999999999799e+00 8.794399999999999551e+00 -3.635899999999999910e+00 -1.375399999999999956e+00
3.464700000000000113e+00 -3.917199999999999793e+00 3.974600000000000133e+00 3.611900000000000110e-01
3.966299999999999937e+00 1.016840000000000011e+01 -4.113100000000000200e+00 -4.605599999999999916e+00
3.783100000000000129e+00 1.005259999999999998e+01 -3.886899999999999800e+00 -3.736600000000000144e+00
3.776699999999999946e+00 9.779400000000000759e+00 -3.907500000000000195e+00 -3.532300000000000217e+00
4.406900000000000261e+00 1.090719999999999956e+01 -4.577499999999999680e+00 -4.427100000000000257e+00
-1.858400000000000052e+00 7.886000000000000121e+00 -1.664299999999999891e+00 -1.838400000000000034e+00
1.151799999999999935e+00 1.386400000000000077e+00 5.272700000000000387e+00 -4.353600000000000247e-01
5.705999999999999961e-01 -2.479999999999999913e-02 1.242099999999999982e+00 -5.621000000000000441e-01
3.989900000000000002e+00 -2.706599999999999895e+00 2.394600000000000062e+00 8.629099999999999548e-01
1.023500000000000076e+00 6.900999999999999801e+00 -2.006200000000000205e+00 -2.712499999999999911e+00
4.348300000000000054e+00 1.110790000000000077e+01 -4.085700000000000109e+00 -4.253899999999999793e+00
3.849600000000000133e+00 9.793900000000000716e+00 -4.150800000000000267e+00 -4.458199999999999719e+00
1.375399999999999956e+00 8.879300000000000637e+00 -1.913599999999999968e+00 -5.375100000000000433e-01
3.024199999999999999e+00 -3.337800000000000100e+00 2.586500000000000021e+00 -5.478499999999999481e-01
3.466699999999999893e+00 -4.072400000000000020e+00 4.288199999999999790e+00 1.541800000000000059e+00
4.676499999999999879e+00 -3.389499999999999957e+00 3.489599999999999813e+00 1.477100000000000080e+00
5.745599999999999596e+00 1.018079999999999963e+01 -4.785700000000000287e+00 -4.336599999999999788e+00
1.098700000000000010e+00 6.393999999999999684e-01 5.988999999999999879e+00 -5.827700000000000102e-01
2.392500000000000071e+00 9.798000000000000043e+00 -3.036099999999999799e+00 -2.822400000000000020e+00
8.135599999999999499e-01 9.156599999999999184e+00 -2.149199999999999999e+00 -4.181400000000000006e+00
3.936199999999999921e+00 1.016220000000000034e+01 -3.823500000000000121e+00 -4.017199999999999882e+00
2.720600000000000129e+00 9.082100000000000506e+00 -3.311100000000000154e+00 -9.681100000000000261e-01
3.824399999999999800e+00 -3.108099999999999863e+00 2.453699999999999992e+00 5.202400000000000357e-01
3.819700000000000095e+00 8.995100000000000762e+00 -4.383000000000000007e+00 -4.032700000000000173e+00
1.326400000000000023e+00 1.032599999999999962e+00 5.656600000000000072e+00 -4.133700000000000152e-01
4.175699999999999967e+00 1.026149999999999984e+01 -3.855199999999999960e+00 -4.305600000000000094e+00
-1.300000000000000044e+00 1.026779999999999937e+01 -2.952999999999999847e+00 -5.863800000000000345e+00
5.627200000000000202e+00 1.008569999999999922e+01 -4.293099999999999916e+00 -3.814200000000000035e+00
3.459099999999999842e+00 1.111200000000000010e+01 -4.203899999999999970e+00 -5.093099999999999739e+00
4.707200000000000273e+00 8.295700000000000074e+00 -2.560500000000000220e+00 -1.490499999999999936e+00
4.564499999999999780e+00 -3.627499999999999947e+00 2.868399999999999839e+00 2.771399999999999975e-01
5.391499999999999737e+00 9.994600000000000151e+00 -3.808100000000000041e+00 -3.364199999999999857e+00
3.477599999999999802e+00 8.810999999999999943e+00 -3.188600000000000101e+00 -9.228499999999999481e-01
2.016500000000000181e+00 -2.524600000000000177e-01 5.170700000000000074e+00 1.076300000000000034e+00
4.042200000000000237e+00 -4.391000000000000014e+00 4.746599999999999930e+00 1.137000000000000011e+00
2.664800000000000058e+00 1.075399999999999956e+01 -3.399399999999999977e+00 -4.168499999999999872e+00
4.429499999999999993e+00 -2.350699999999999790e+00 1.704800000000000093e+00 9.094600000000000461e-01
1.896700000000000053e+00 -2.516300000000000203e+00 2.809299999999999908e+00 -7.974200000000000177e-01
2.656200000000000117e+00 1.070439999999999969e+01 -3.308499999999999996e+00 -4.076699999999999768e+00
2.372900000000000009e+00 1.047259999999999991e+01 -3.008700000000000152e+00 -3.201299999999999812e+00
2.127400000000000180e+00 5.193900000000000183e+00 -1.797099999999999920e+00 -1.176299999999999901e+00
1.167599999999999971e+00 9.156599999999999184e+00 -2.086699999999999999e+00 -8.064700000000000202e-01
4.323900000000000077e+00 -4.883499999999999730e+00 3.435599999999999987e+00 -5.776000000000000023e-01
5.194999999999999618e-01 -3.263300000000000090e+00 3.089500000000000135e+00 -9.848999999999999977e-01
5.242300000000000182e+00 1.102720000000000056e+01 -4.352999999999999758e+00 -4.101300000000000168e+00
-1.064800000000000052e-01 -7.677100000000000035e-01 7.757500000000000284e+00 6.417899999999999716e-01
4.213400000000000034e+00 -2.806000000000000050e+00 2.011600000000000055e+00 6.741200000000000525e-01
4.094800000000000217e+00 -2.967400000000000038e+00 2.368900000000000006e+00 7.542900000000000160e-01
3.781800000000000050e+00 -2.884599999999999831e+00 2.255799999999999805e+00 -1.573400000000000076e-01
3.375599999999999934e+00 -4.095100000000000406e+00 4.366999999999999993e+00 1.069800000000000084e+00
3.947900000000000187e+00 -3.772299999999999986e+00 2.883000000000000007e+00 1.981300000000000075e-02
1.450700000000000101e+00 8.790300000000000225e+00 -2.232400000000000162e+00 -6.525900000000000034e-01
3.222999999999999754e-01 -8.980799999999999894e-01 8.088300000000000267e+00 6.922199999999999465e-01
8.829799999999999871e-01 6.600899999999999546e-01 6.009599999999999831e+00 -4.327699999999999880e-01
3.884599999999999831e+00 -3.033599999999999852e+00 2.533399999999999874e+00 2.021399999999999864e-01
3.339700000000000113e+00 -4.614499999999999602e+00 3.982299999999999951e+00 -2.375099999999999989e-01
3.086399999999999810e+00 -2.584499999999999797e+00 2.230900000000000105e+00 3.094700000000000228e-01
2.560500000000000220e+00 9.268299999999999983e+00 -3.591299999999999937e+00 -1.356000000000000094e+00
-1.858400000000000052e+00 7.886000000000000121e+00 -1.664299999999999891e+00 -1.838400000000000034e+00
4.544699999999999740e+00 8.227399999999999380e+00 -2.416599999999999859e+00 -1.587499999999999911e+00
3.258500000000000174e+00 -4.461400000000000254e+00 3.802400000000000002e+00 -1.508700000000000041e-01
3.923200000000000021e+00 -3.246700000000000141e+00 3.457899999999999974e+00 8.370499999999999607e-01
1.933999999999999941e+00 -9.282800000000000299e-06 4.815999999999999837e+00 -3.396700000000000275e-01
1.304899999999999949e+00 -1.552099999999999869e-01 6.491100000000000314e+00 -7.534600000000000186e-01
-7.868899999999999784e-01 9.566300000000000026e+00 -3.786700000000000177e+00 -7.503400000000000070e+00
1.647199999999999998e+00 4.821300000000000030e-01 4.744900000000000340e+00 1.225000000000000089e+00
-1.300000000000000044e+00 1.026779999999999937e+01 -2.952999999999999847e+00 -5.863800000000000345e+00
4.545899999999999608e+00 8.167400000000000659e+00 -2.458600000000000119e+00 -1.462099999999999955e+00
3.235100000000000087e+00 9.647000000000000242e+00 -3.207399999999999807e+00 -2.594800000000000217e+00
3.779799999999999827e+00 -3.310900000000000176e+00 2.649099999999999788e+00 6.636499999999999344e-02
3.694100000000000161e+00 -3.948199999999999932e+00 4.262500000000000178e+00 1.157699999999999951e+00
3.896199999999999886e+00 -4.790399999999999991e+00 3.395399999999999974e+00 -5.375100000000000433e-01
8.557399999999999451e-01 8.267800000000000496e-03 6.604199999999999626e+00 -5.310399999999999565e-01
-6.447199999999999598e-01 -4.606200000000000294e+00 8.346999999999999531e+00 -2.709900000000000198e+00
4.119500000000000384e+00 1.092580000000000062e+01 -3.892900000000000027e+00 -4.180200000000000138e+00
-1.139100000000000001e+00 1.812699999999999978e+00 6.914399999999999658e+00 7.012699999999999489e-01
3.618100000000000094e+00 -3.745400000000000063e+00 2.827300000000000146e+00 -7.120800000000000463e-01
4.336500000000000021e+00 -3.584000000000000075e+00 3.688400000000000123e+00 7.491200000000000081e-01
3.819999999999999840e+00 1.092789999999999928e+01 -4.011199999999999655e+00 -5.028400000000000425e+00
4.171100000000000030e+00 8.721999999999999531e+00 -3.022400000000000198e+00 -5.969900000000000206e-01
-1.338899999999999979e+00 1.552000000000000046e+00 7.080599999999999561e+00 1.030999999999999917e+00
2.852300000000000058e+00 9.009600000000000719e+00 -3.761000000000000121e+00 -3.337099999999999955e+00
-1.257600000000000051e+00 1.589199999999999946e+00 7.007799999999999585e+00 4.245499999999999829e-01
3.403999999999999915e+00 8.726100000000000634e+00 -2.991499999999999826e+00 -5.724200000000000399e-01
1.774799999999999933e+00 -7.697800000000000198e-01 5.585399999999999920e+00 1.303900000000000059e+00
2.668200000000000127e+00 1.021599999999999930e+01 -3.441399999999999793e+00 -4.006899999999999906e+00
4.002600000000000158e+00 -3.594300000000000050e+00 3.557300000000000129e+00 2.680899999999999950e-01
3.549900000000000055e+00 8.616500000000000270e+00 -3.279399999999999871e+00 -1.200900000000000079e+00
-9.592300000000000271e-01 9.103899999999999493e-02 6.220399999999999707e+00 -1.482799999999999896e+00
3.752200000000000202e+00 -3.697799999999999976e+00 3.994299999999999962e+00 1.305099999999999927e+00
-1.616200000000000081e+00 8.090800000000000214e-01 8.162800000000000722e+00 6.081699999999999884e-01
-1.393100000000000005e+00 1.566400000000000015e+00 7.538199999999999790e+00 7.840300000000000047e-01
4.636099999999999888e+00 -2.661099999999999799e+00 2.835799999999999876e+00 1.199100000000000055e+00
3.916599999999999859e+00 1.024910000000000032e+01 -4.092600000000000016e+00 -4.465900000000000425e+00
2.581700000000000106e+00 9.754599999999999937e+00 -3.174900000000000055e+00 -2.995699999999999807e+00
7.744499999999999718e-01 9.055199999999999250e+00 -2.408900000000000041e+00 -1.388400000000000079e+00
3.269699999999999829e+00 -4.341400000000000148e+00 3.688400000000000123e+00 -2.982899999999999996e-01
4.071299999999999919e+00 1.040230000000000032e+01 -4.172200000000000131e+00 -4.758200000000000429e+00
-3.724400000000000155e+00 1.903699999999999948e+00 -3.542100000000000110e-02 -2.509500000000000064e+00
-2.217299999999999827e+00 1.467100000000000071e+00 -7.268900000000000361e-01 -1.172400000000000109e+00
-2.411500000000000199e+00 -9.135899999999999466e+00 9.344400000000000261e+00 -6.525900000000000034e-01
-4.293199999999999683e+00 3.341899999999999871e+00 7.725800000000000445e-01 -9.978500000000000147e-01
-2.570100000000000051e+00 -6.845200000000000173e+00 8.999900000000000233e+00 2.135299999999999976e+00
-3.386299999999999866e+00 -1.298889999999999922e+01 1.305450000000000088e+01 -2.720200000000000173e+00
-1.617599999999999927e+00 1.092600000000000016e+00 -3.550200000000000022e-01 -5.995800000000000018e-01
-2.006600000000000161e+00 -6.719000000000000306e+00 9.016199999999999548e+00 9.998500000000000443e-02
8.362500000000000488e-01 1.107099999999999973e+00 -2.470600000000000129e+00 -6.294500000000000095e-02
-2.327700000000000102e+00 1.438099999999999934e+00 -8.211399999999999810e-01 -1.286200000000000010e+00
1.886799999999999866e-01 7.014799999999999924e-01 -5.118200000000000527e-01 5.589199999999999897e-03
-2.494099999999999984e+00 3.544700000000000184e+00 -1.372100000000000097e+00 -2.848300000000000054e+00
-1.998299999999999965e+00 -6.607199999999999740e+00 4.825400000000000134e+00 -4.198399999999999910e-01
-2.772299999999999986e+00 3.277699999999999836e+00 -9.351000000000000423e-01 -3.145700000000000163e+00
-3.993399999999999839e+00 5.833300000000000374e+00 5.472299999999999942e-01 -4.937899999999999956e+00
-8.205299999999999816e-01 6.518100000000000005e-01 -4.886900000000000133e-01 -5.271599999999999620e-01
-1.749000000000000110e+00 -6.331999999999999851e+00 6.098700000000000010e+00 1.426600000000000090e-01
-2.596099999999999852e+00 -9.349000000000000199e+00 9.794200000000000017e+00 -2.801799999999999846e-01
-6.508399999999999963e+00 8.769600000000000506e+00 2.319100000000000050e-01 -3.936999999999999833e+00
-1.996599999999999930e+00 -9.500099999999999767e+00 9.682000000000000384e+00 -1.288900000000000046e-01
-2.044099999999999806e+00 1.227100000000000080e+00 1.856399999999999995e-01 -1.090999999999999970e+00
1.019400000000000084e+00 1.102899999999999991e+00 -2.299999999999999822e+00 5.939499999999999780e-01
-1.821499999999999897e+00 2.752099999999999991e+00 -7.226099999999999746e-01 -2.353000000000000203e+00
-2.124099999999999877e+00 -6.896899999999999586e+00 5.599199999999999733e+00 -4.715599999999999792e-01
-1.940900000000000070e+00 -8.684799999999999187e+00 9.154999999999999361e+00 9.404900000000000482e-01
-3.895300000000000207e+00 4.039200000000000124e+00 -3.019000000000000017e-01 -2.183600000000000207e+00
-2.322099999999999831e+00 -9.330399999999999139e+00 9.233000000000000540e+00 -7.987100000000000311e-01
-3.969800000000000217e+00 3.681200000000000028e+00 -6.000799999999999468e-01 -4.013300000000000090e+00
-3.848300000000000054e+00 -1.280470000000000041e+01 1.568239999999999945e+01 -1.280999999999999917e+00
-5.687699999999999978e-01 1.417399999999999993e+00 -1.425200000000000022e+00 -1.124600000000000044e+00
7.406700000000000506e-01 1.729899999999999993e+00 -3.196299999999999919e+00 -1.456999999999999962e-01
-1.896900000000000031e+00 -6.789299999999999891e+00 5.276099999999999568e+00 -3.254400000000000071e-01
-5.490099999999999980e+00 9.104799999999999116e+00 -3.875799999999999801e-01 -5.976300000000000168e+00
2.017700000000000049e+00 1.798200000000000021e+00 -2.958099999999999952e+00 2.099000000000000032e-01
-2.052900000000000169e+00 3.838499999999999801e+00 -7.954400000000000359e-01 -1.213799999999999990e+00
-1.804599999999999982e+00 -6.814099999999999824e+00 6.701900000000000190e+00 1.168099999999999916e+00
-2.482400000000000162e+00 -7.304599999999999760e+00 6.839000000000000412e+00 -5.905299999999999994e-01
-3.115800000000000125e+00 -8.628899999999999793e+00 1.044030000000000058e+01 9.715300000000000047e-01
-4.233299999999999841e+00 4.916599999999999859e+00 -4.921200000000000019e-01 -5.320700000000000429e+00
-1.878200000000000092e+00 -6.586500000000000021e+00 4.848600000000000243e+00 -2.156599999999999837e-02
-1.681999999999999940e+00 -6.812100000000000044e+00 7.139800000000000146e+00 1.332300000000000040e+00
-2.913800000000000168e+00 -9.471099999999999852e+00 9.766799999999999926e+00 -6.021600000000000286e-01
-2.445800000000000196e+00 1.628500000000000059e+00 -8.854100000000000303e-01 -1.480199999999999960e+00
-3.142300000000000093e+00 -1.303650000000000020e+01 1.567730000000000068e+01 -6.616499999999999604e-01
-3.517999999999999794e+00 2.876300000000000079e+00 1.547999999999999932e-01 -1.208599999999999897e+00
-4.396700000000000053e+00 4.960099999999999731e+00 -6.489200000000000523e-01 -5.471899999999999764e+00
-2.166799999999999837e+00 1.593299999999999939e+00 4.512200000000000238e-02 -1.677999999999999936e+00
6.636499999999999622e-01 -4.553299999999999709e-02 -1.879399999999999959e-01 2.344700000000000117e-01
-4.067899999999999849e+00 2.495499999999999829e+00 7.957100000000000284e-01 -1.103900000000000103e+00
-3.816699999999999982e+00 5.140100000000000335e+00 -6.506300000000000416e-01 -5.430600000000000094e+00
1.345099999999999962e+00 2.358899999999999886e-01 -1.878500000000000059e+00 1.325800000000000090e+00
-4.021399999999999864e+00 -1.280059999999999931e+01 1.561989999999999945e+01 -9.564700000000000424e-01
7.510799999999999699e-01 1.916099999999999914e+00 -3.109799999999999898e+00 -2.051800000000000013e-01
-3.571299999999999919e+00 -1.249220000000000041e+01 1.488809999999999967e+01 -4.702700000000000213e-01
3.008100000000000218e-01 1.738099999999999923e-01 -1.754199999999999982e+00 4.892099999999999782e-01
-4.124399999999999622e+00 3.790900000000000158e+00 -6.532000000000000028e-01 -4.180200000000000138e+00
-9.592300000000000271e-01 -6.712799999999999656e+00 4.985699999999999577e+00 3.288599999999999857e-01
-7.042099999999999582e+00 9.199999999999999289e+00 2.593300000000000050e-01 -4.683200000000000252e+00
-2.798999999999999932e+00 1.967899999999999983e+00 -4.235700000000000021e-01 -2.112499999999999822e+00
-2.566500000000000004e+00 -6.882399999999999629e+00 7.541599999999999859e+00 7.077400000000000357e-01
-2.914600000000000080e+00 4.053700000000000081e+00 -4.569900000000000073e-01 -4.032700000000000173e+00
-1.979000000000000092e+00 3.230100000000000193e+00 -1.357499999999999929e+00 -2.581900000000000084e+00
-4.002500000000000391e+00 -1.349789999999999957e+01 1.767719999999999914e+01 -3.320199999999999818e+00
-1.444600000000000106e+00 2.143800000000000150e+00 -4.724099999999999966e-01 -1.667699999999999960e+00
-6.959900000000000198e+00 8.993100000000000094e+00 2.182000000000000051e-01 -4.572000000000000064e+00
-1.410600000000000076e+00 -7.107999999999999652e+00 5.645400000000000418e+00 3.133500000000000174e-01
-1.522000000000000020e+00 -6.638300000000000090e+00 5.749100000000000321e+00 -1.069100000000000050e-01
-3.006099999999999994e+00 -1.223770000000000024e+01 1.195519999999999960e+01 -2.160299999999999887e+00
-1.771300000000000097e+00 -1.076650000000000063e+01 1.021840000000000082e+01 -1.004299999999999971e+00
-1.239000000000000101e+00 -6.541000000000000369e+00 4.815100000000000158e+00 -3.320399999999999741e-02
-2.321099999999999941e+00 3.165999999999999925e+00 -1.000199999999999978e+00 -2.715100000000000069e+00
-3.598500000000000032e+00 -1.365930000000000000e+01 1.760519999999999996e+01 -2.492700000000000138e+00
-2.462099999999999955e+00 2.764499999999999957e+00 -6.257800000000000029e-01 -2.857299999999999951e+00
1.563099999999999934e+00 8.959899999999999531e-01 -1.970199999999999951e+00 6.547199999999999687e-01
-2.314200000000000035e+00 2.083800000000000097e+00 -4.681299999999999906e-01 -1.676700000000000079e+00
1.219799999999999995e+00 2.098199999999999843e+00 -3.195399999999999796e+00 1.284299999999999886e-01
-5.881800000000000139e+00 7.658400000000000318e+00 5.557999999999999607e-01 -2.915500000000000203e+00
-4.211000000000000298e+00 -1.247359999999999935e+01 1.497039999999999971e+01 -1.388400000000000079e+00
-9.219399999999999817e-02 3.931499999999999995e-01 -3.284599999999999742e-01 -1.379400000000000071e-01
-4.209100000000000286e+00 4.728299999999999947e+00 -4.912599999999999745e-01 -5.215900000000000425e+00
-4.366699999999999804e+00 6.069200000000000372e+00 5.720800000000000329e-01 -5.466800000000000104e+00
-1.821900000000000075e+00 -6.882399999999999629e+00 5.468099999999999739e+00 5.731300000000000283e-02
-5.240599999999999703e+00 6.625799999999999912e+00 -1.990800000000000070e-01 -6.860699999999999577e+00
-5.301199999999999690e+00 7.391499999999999737e+00 2.969899999999999970e-02 -7.398699999999999832e+00
-7.206799999999999873e-01 -6.758300000000000196e+00 5.840799999999999770e+00 6.236899999999999666e-01
-9.732499999999999485e-01 -6.416800000000000281e+00 5.602599999999999802e+00 1.032299999999999995e+00
-2.668499999999999872e+00 -1.045190000000000019e+01 9.113899999999999224e+00 -1.732299999999999951e+00
5.022499999999999742e-01 6.538800000000000168e-01 -1.179300000000000015e+00 3.999800000000000022e-01
-2.949800000000000200e+00 -8.272999999999999687e+00 1.026459999999999972e+01 1.162900000000000045e+00
7.589599999999999680e-01 2.917600000000000193e-01 -1.650600000000000067e+00 8.383399999999999741e-01
-3.612699999999999939e-02 1.524999999999999911e+00 -1.408900000000000041e+00 -7.612100000000000533e-01
-1.938900000000000068e+00 1.570599999999999996e+00 4.597899999999999904e-02 -1.122000000000000108e+00
-2.329899999999999860e+00 -9.953200000000000713e+00 8.475600000000000023e+00 -1.873299999999999965e+00
-3.379300000000000193e+00 -1.377309999999999945e+01 1.792739999999999867e+01 -2.032300000000000217e+00
-1.667699999999999960e+00 -7.153500000000000192e+00 7.892900000000000027e+00 9.676500000000000101e-01
-2.314700000000000202e+00 3.666799999999999837e+00 -6.968999999999999639e-01 -1.247400000000000064e+00
-4.944700000000000095e+00 3.300499999999999989e+00 1.062999999999999945e+00 -1.443999999999999950e+00
-1.843900000000000095e+00 -8.647500000000000853e+00 7.679599999999999760e+00 -6.668199999999999683e-01
-1.797600000000000087e+00 -6.768600000000000172e+00 6.675300000000000011e+00 8.991200000000000303e-01
-2.966200000000000170e+00 -1.032569999999999943e+01 8.784000000000000696e+00 -2.113799999999999901e+00
-1.544899999999999940e+00 -1.014980000000000082e+01 9.615199999999999747e+00 -1.233200000000000074e+00
-3.223800000000000221e+00 2.793499999999999872e+00 3.227400000000000269e-01 -8.607799999999999896e-01
-1.294300000000000006e+00 2.673500000000000210e+00 -8.408499999999999863e-01 -2.032300000000000217e+00
-3.882600000000000051e+00 4.897999999999999687e+00 -9.231099999999999861e-01 -5.080099999999999838e+00
-4.147899999999999920e+00 7.122499999999999609e+00 -8.340400000000000591e-02 -6.417200000000000237e+00
-4.886099999999999888e+00 7.054199999999999804e+00 -1.725200000000000067e-01 -6.958999999999999631e+00
-6.738699999999999690e+00 6.987899999999999778e+00 6.783299999999999885e-01 -7.588700000000000223e+00
-8.147900000000000142e-01 -5.738100000000000200e+00 4.391899999999999693e+00 3.210999999999999965e-01
-2.882899999999999796e+00 3.896399999999999864e+00 -1.887999999999999956e-01 -1.167200000000000015e+00
-5.166100000000000136e+00 8.043300000000000338e+00 4.426499999999999879e-02 -4.498300000000000409e+00
-1.769700000000000051e+00 3.432900000000000063e+00 -1.214399999999999924e+00 -2.378899999999999793e+00
-8.353500000000000369e-01 8.049399999999999888e-01 -1.641100000000000003e+00 -1.922500000000000042e-01
-2.552599999999999980e+00 -7.362499999999999822e+00 6.925500000000000433e+00 -6.681099999999999817e-01
-3.805299999999999905e+00 2.427299999999999791e+00 6.808999999999999497e-01 -1.087099999999999955e+00
-1.595099999999999962e+00 -6.572000000000000064e+00 4.768900000000000361e+00 -9.435400000000000453e-01
-2.434899999999999842e+00 -9.249700000000000699e+00 8.992200000000000415e+00 -5.000099999999999545e-01
-1.479999999999999982e+00 -1.052439999999999998e+01 9.917600000000000193e+00 -5.026000000000000467e-01
-1.786000000000000032e+00 -8.115700000000000358e+00 7.085799999999999876e+00 -1.211200000000000054e+00
-3.895199999999999996e+00 3.815700000000000092e+00 -3.130399999999999849e-01 -3.819399999999999906e+00
-3.993300000000000072e+00 2.621799999999999908e+00 6.286300000000000221e-01 -1.159499999999999975e+00
4.061400000000000010e-01 1.349199999999999955e+00 -1.450099999999999945e+00 -5.594900000000000428e-01
-4.499600000000000044e+00 3.428799999999999848e+00 5.626499999999999835e-01 -1.167200000000000015e+00
1.542300000000000060e-01 1.179400000000000032e-01 -1.682299999999999907e+00 5.952399999999999913e-01
-1.600100000000000078e+00 -9.582800000000000651e+00 9.404400000000000759e+00 8.188199999999999645e-02
-2.233999999999999986e+00 -7.031399999999999650e+00 7.493599999999999817e+00 6.133399999999999963e-01
-1.507800000000000029e+00 -7.319099999999999717e+00 7.898100000000000342e+00 1.228900000000000103e+00
-2.909800000000000164e+00 -1.007119999999999926e+01 8.415599999999999525e+00 -1.994799999999999907e+00
-2.664899999999999824e+00 -1.281300000000000061e+01 1.266890000000000072e+01 -1.908199999999999896e+00
-1.710099999999999953e+00 -8.790300000000000225e+00 7.973499999999999588e+00 -4.547499999999999876e-01
-2.982099999999999973e+00 4.198599999999999888e+00 -5.897999999999999909e-01 -3.964199999999999946e+00
-5.030100000000000016e+00 7.503199999999999648e+00 -1.339599999999999957e-01 -7.503400000000000070e+00
-3.885800000000000143e+00 -1.284609999999999985e+01 1.279570000000000007e+01 -3.135299999999999976e+00
-1.726299999999999946e+00 -6.023699999999999832e+00 5.241900000000000226e+00 2.952400000000000024e-01
-1.747900000000000009e+00 -5.823000000000000398e+00 5.869900000000000340e+00 1.211999999999999966e+00
-6.329799999999999871e-01 -5.127699999999999925e+00 4.562400000000000233e+00 1.479700000000000015e+00
-1.557199999999999918e+00 -9.880800000000000693e+00 8.108800000000000452e+00 -1.080600000000000005e+00
-3.793000000000000149e+00 -1.270950000000000024e+01 1.279570000000000007e+01 -2.825000000000000178e+00
-1.522799999999999931e+00 -6.478900000000000325e+00 5.756800000000000139e+00 8.732499999999999707e-01
2.031000000000000139e+00 1.852000000000000091e+00 -3.012100000000000222e+00 3.003000000000000027e-03
-1.988099999999999978e+00 9.994499999999999496e-01 -2.856199999999999850e-01 -7.004399999999999515e-01
-1.855399999999999938e+00 -9.603500000000000369e+00 7.776399999999999757e+00 -9.771600000000000286e-01
-1.788599999999999968e+00 -6.348600000000000243e+00 5.615400000000000169e+00 4.258399999999999963e-01
-1.807600000000000096e+00 -8.813100000000000378e+00 8.708600000000000563e+00 -2.168200000000000127e-01
-4.401799999999999713e+00 -1.293709999999999916e+01 1.565590000000000082e+01 -1.680600000000000094e+00
1.055199999999999916e+00 1.185699999999999976e+00 -2.641099999999999781e+00 1.103299999999999975e-01
-1.100500000000000034e+00 -7.250799999999999912e+00 6.013899999999999579e+00 3.689500000000000002e-01
-1.011200000000000099e+00 2.998400000000000176e+00 -1.166400000000000103e+00 -1.618500000000000050e+00
-4.946200000000000152e+00 3.571600000000000108e+00 8.274200000000000443e-01 -1.495700000000000029e+00
-9.078399999999999803e-01 -7.902599999999999625e+00 6.780700000000000394e+00 3.417899999999999827e-01
-6.336400000000000254e+00 9.284800000000000608e+00 1.427499999999999949e-02 -6.784399999999999764e+00
-2.096200000000000063e+00 -7.105900000000000105e+00 6.618800000000000239e+00 -3.370799999999999907e-01
-5.636999999999999567e+00 8.126099999999999213e+00 1.308100000000000096e-01 -5.014199999999999768e+00
-1.844799999999999995e+00 1.254000000000000004e+00 2.721799999999999775e-01 -1.072799999999999976e+00
-4.140900000000000247e+00 3.461899999999999977e+00 -4.784100000000000019e-01 -3.887900000000000134e+00
-1.525199999999999889e+00 -6.253400000000000070e+00 5.352400000000000269e+00 5.991199999999999859e-01
-3.820300000000000029e+00 -1.305509999999999948e+01 1.695830000000000126e+01 -2.305200000000000138e+00
5.180000000000000160e-01 2.586499999999999910e-01 -8.408499999999999863e-01 9.611800000000000344e-01
-6.281500000000000306e+00 6.665099999999999802e+00 5.258099999999999996e-01 -7.010699999999999932e+00
1.212600000000000067e-01 2.234700000000000020e-01 -4.732700000000000240e-01 9.702399999999999913e-01
-2.826700000000000212e+00 -9.040699999999999292e+00 9.069399999999999906e+00 -9.823300000000000365e-01
-2.895700000000000163e+00 -1.202050000000000018e+01 1.191489999999999938e+01 -2.755199999999999871e+00
-5.480800000000000338e+00 8.181900000000000617e+00 2.781799999999999828e-01 -5.032300000000000217e+00
-1.171600000000000003e-01 6.042199999999999793e-01 -3.858699999999999908e-01 -5.906499999999999945e-02
-3.408300000000000107e+00 4.858699999999999797e+00 -7.688800000000000079e-01 -4.866799999999999571e+00
-3.622700000000000031e+00 3.995800000000000018e+00 -3.584499999999999909e-01 -3.904700000000000060e+00
-1.445400000000000018e+00 -8.438499999999999446e+00 8.848300000000000054e+00 9.689400000000000235e-01
5.623200000000000420e-01 1.001500000000000057e+00 -2.272600000000000176e+00 -6.048600000000000330e-03
-6.397899999999999920e+00 6.447899999999999743e+00 1.083599999999999897e+00 -6.617600000000000371e+00
-2.861899999999999888e+00 4.519300000000000317e+00 -5.812300000000000244e-01 -4.262900000000000134e+00
-4.746199999999999974e+00 3.120499999999999829e+00 1.074999999999999956e+00 -1.296599999999999975e+00
-2.978600000000000136e+00 2.344500000000000028e+00 5.266699999999999715e-01 -4.017299999999999760e-01
-3.000000000000000000e+00 -9.156599999999999184e+00 9.576599999999999113e+00 -7.301800000000000512e-01
-2.075400000000000134e+00 1.276699999999999946e+00 -6.420599999999999641e-01 -1.264199999999999990e+00
-1.074400000000000022e+00 -6.311300000000000132e+00 5.355000000000000426e+00 8.047199999999999909e-01
-4.224899999999999878e+00 6.269899999999999807e+00 1.582199999999999995e-01 -5.545700000000000074e+00
-2.028500000000000192e+00 3.846799999999999997e+00 -6.343499999999999694e-01 -1.175000000000000044e+00
4.054499999999999944e-03 6.290499999999999980e-01 -6.412099999999999467e-01 7.581700000000000106e-01
-1.834300000000000042e+00 -6.590700000000000003e+00 5.642900000000000027e+00 5.499800000000000244e-01
-5.525000000000000355e+00 6.325800000000000090e+00 8.976800000000000335e-01 -6.624100000000000321e+00
-6.153599999999999959e+00 7.929499999999999993e+00 6.166300000000000114e-01 -3.264600000000000168e+00
-1.029199999999999893e+00 -6.387900000000000134e+00 5.525500000000000078e+00 7.995499999999999829e-01
-6.424699999999999633e+00 9.531100000000000350e+00 2.284399999999999972e-02 -6.851700000000000124e+00
-1.698800000000000088e+00 -7.116299999999999848e+00 5.790199999999999569e+00 1.672299999999999898e-01
-6.059800000000000075e+00 9.295199999999999463e+00 -4.364199999999999746e-01 -6.369399999999999729e+00
-2.761099999999999888e+00 -1.050990000000000002e+01 9.023899999999999366e+00 -1.954700000000000104e+00
-1.955100000000000060e+00 -6.975600000000000023e+00 5.538299999999999557e+00 -1.288900000000000046e-01
-4.164499999999999869e-01 3.248699999999999921e-01 -3.361700000000000244e-01 -3.603600000000000136e-01
1.351799999999999891e+00 1.059500000000000108e+00 -2.343700000000000117e+00 3.999800000000000022e-01
-5.385699999999999932e+00 9.121399999999999508e+00 -4.192899999999999960e-01 -5.918099999999999916e+00
-2.546300000000000008e+00 3.110100000000000087e+00 -8.322800000000000198e-01 -3.035800000000000054e+00
5.081299999999999706e-01 4.779900000000000260e-01 -1.980399999999999938e+00 5.771399999999999864e-01
-3.574100000000000055e+00 3.943999999999999950e+00 -7.911999999999999589e-02 -2.120299999999999851e+00
-3.941100000000000048e+00 -1.287920000000000087e+01 1.305969999999999942e+01 -3.312500000000000000e+00
-4.839199999999999946e+00 6.675500000000000433e+00 -2.427799999999999958e-01 -6.577499999999999680e+00
-7.086700000000000221e-01 -5.560200000000000031e+00 4.048300000000000232e+00 9.030000000000000249e-01
-1.624400000000000066e+00 -6.344400000000000261e+00 4.657499999999999751e+00 1.698099999999999887e-01
-6.204300000000000370e-01 5.586999999999999744e-01 -3.858699999999999908e-01 -6.642299999999999871e-01
-2.726399999999999935e+00 3.921300000000000008e+00 -4.921200000000000019e-01 -3.637100000000000222e+00
-2.250100000000000211e+00 3.312899999999999956e+00 -8.836899999999999755e-01 -2.897400000000000198e+00
-2.537300000000000111e+00 -6.958999999999999631e+00 8.805400000000000560e+00 1.528899999999999926e+00
-2.105900000000000105e+00 1.181499999999999995e+00 -5.332400000000000473e-01 -8.271600000000000064e-01
-3.917199999999999793e+00 2.665200000000000014e+00 7.888600000000000056e-01 -7.819000000000000394e-01
-1.818699999999999983e+00 -9.036599999999999966e+00 9.016199999999999548e+00 -1.224299999999999972e-01
-3.774700000000000166e+00 2.516199999999999992e+00 8.334099999999999842e-01 -3.099299999999999833e-01
-9.358699999999999797e-01 -5.100799999999999557e+00 4.536699999999999733e+00 1.386600000000000055e+00
-6.268399999999999528e-01 -6.301000000000000156e+00 4.784299999999999997e+00 1.106000000000000094e+00
-2.483499999999999819e+00 -7.449399999999999800e+00 6.896399999999999864e+00 -6.448399999999999688e-01
-3.696099999999999941e+00 -1.367789999999999928e+01 1.757949999999999946e+01 -2.618100000000000094e+00
3.901200000000000223e-01 -1.427900000000000003e-01 -3.199400000000000160e-02 3.508399999999999852e-01
-4.477899999999999991e+00 7.370800000000000018e+00 -3.121800000000000130e-01 -6.775400000000000311e+00
-5.535499999999999865e-01 -7.923300000000000232e+00 6.715600000000000236e+00 7.439400000000000457e-01
-3.285400000000000098e+00 4.037200000000000344e+00 -4.535600000000000187e-01 -1.822799999999999976e+00
-2.004199999999999982e+00 -9.367599999999999483e+00 9.333299999999999486e+00 -1.030299999999999966e-01
-3.098599999999999799e+00 -1.046020000000000039e+01 8.971700000000000230e+00 -2.342699999999999783e+00
-3.750300000000000189e+00 -1.345860000000000056e+01 1.759319999999999951e+01 -2.777099999999999902e+00
-2.123400000000000176e+00 1.181499999999999995e+00 -5.555200000000000138e-01 -8.116499999999999826e-01
-1.279199999999999893e+00 2.137599999999999945e+00 -4.758399999999999852e-01 -1.397399999999999975e+00
-1.102200000000000069e+00 -5.839500000000000135e+00 4.564099999999999824e+00 6.870500000000000496e-01
1.318300000000000027e+00 1.901699999999999946e+00 -3.311100000000000154e+00 6.507100000000000384e-02
-5.903400000000000425e+00 6.567899999999999849e+00 6.766100000000000447e-01 -6.679700000000000415e+00
-2.258000000000000007e+00 -9.326299999999999812e+00 9.372700000000000031e+00 -8.594899999999999762e-01
-2.455400000000000027e+00 -9.040699999999999292e+00 8.862000000000000099e+00 -8.698299999999999921e-01
-2.054499999999999993e+00 -1.086790000000000056e+01 9.492599999999999483e+00 -1.411599999999999966e+00
-1.394600000000000062e+00 2.313400000000000123e+00 -4.449899999999999967e-01 -1.490499999999999936e+00
2.426099999999999923e-01 5.731800000000000228e-01 -1.940199999999999925e+00 4.400700000000000167e-01
-2.208299999999999930e+00 -9.106899999999999551e+00 8.999100000000000321e+00 -2.840599999999999792e-01
-3.608499999999999819e+00 3.325299999999999923e+00 -5.195400000000000018e-01 -3.573700000000000099e+00
2.663699999999999957e-01 7.325199999999999489e-01 -6.789100000000000135e-01 3.533000000000000029e-02
-2.291799999999999837e+00 -7.256999999999999673e+00 7.959699999999999775e+00 9.211000000000000298e-01
-7.036400000000000432e+00 9.293100000000000804e+00 1.659400000000000042e-01 -4.539600000000000080e+00
-3.460500000000000131e+00 2.690100000000000158e+00 1.616499999999999881e-01 -1.022399999999999975e+00
