5.705999999999999961e-01 -2.479999999999999913e-02 1.242099999999999982e+00 -5.621000000000000441e-01
5.705999999999999961e-01 -2.479999999999999913e-02 1.242099999999999982e+00 -5.621000000000000441e-01
5.194699999999999873e-01 -3.263300000000000090e+00 3.089500000000000135e+00 -9.849200000000000177e-01
3.798400000000000110e-01 7.097499999999999920e-01 7.571600000000000552e-01 -4.444100000000000272e-01
-1.399499999999999966e+00 -1.916199999999999903e+00 2.515400000000000080e+00 5.991199999999999859e-01
7.510799999999999699e-01 1.916099999999999914e+00 -3.109799999999999898e+00 -2.051800000000000013e-01
-2.403700000000000003e-01 -1.783700000000000063e+00 2.134999999999999787e+00 1.241800000000000015e+00
1.563099999999999934e+00 8.959899999999999531e-01 -1.970199999999999951e+00 6.547199999999999687e-01
1.219799999999999995e+00 2.098199999999999843e+00 -3.195399999999999796e+00 1.284299999999999886e-01
1.742499999999999938e+00 3.683300000000000018e+00 -4.012900000000000134e+00 -1.720699999999999896e+00
-4.147899999999999920e+00 7.122499999999999609e+00 -8.340400000000000591e-02 -6.417200000000000237e+00
-4.733100000000000307e+00 -6.178899999999999615e+00 1.138799999999999990e+01 -1.074100000000000055e+00
-4.842600000000000016e+00 -4.993199999999999861e+00 1.040520000000000067e+01 -5.310399999999999565e-01
-2.790799999999999947e+00 -5.713300000000000267e+00 5.953000000000000291e+00 4.594599999999999795e-01
-3.230500000000000149e+00 -7.213499999999999801e+00 1.164329999999999998e+01 -9.461300000000000265e-01
-5.535499999999999865e-01 -7.923300000000000232e+00 6.715600000000000236e+00 7.439400000000000457e-01
-3.098599999999999799e+00 -1.046020000000000039e+01 8.971700000000000230e+00 -2.342699999999999783e+00
